569,562,686
633,622,808
635,624,817
635,617,816
641,617,812
638,611,810
635,607,815
632,605,814
628,606,814
626,610,819
623,615,830
620,615,840
615,617,842
614,622,851
613,623,866
626,617,838
556,652,1013
627,625,843
627,614,833
630,623,811
630,621,798
634,610,793
638,616,794
638,617,802
642,624,809
641,621,802
642,624,803
640,622,806
639,624,813
635,628,820
633,630,824
631,629,831
629,625,834
629,623,835
627,625,836
627,623,838
627,618,834
628,618,834
627,616,832
629,615,828
628,613,826
630,617,825
628,620,829
620,618,830
632,619,819
627,623,824
631,624,828
629,617,825
630,618,827
631,618,825
