643,578,749
644,567,793
635,569,797
632,564,813
632,571,818
628,567,834
642,585,835
629,573,833
626,566,839
624,561,837
623,568,831
622,570,825
623,572,821
625,579,820
627,577,820
637,579,807
574,610,961
630,574,840
626,575,834
635,581,822
632,584,812
632,577,812
632,578,811
633,580,814
629,600,828
633,582,830
631,595,834
632,596,826
630,592,830
628,587,820
631,584,821
628,571,820
628,571,825
628,570,822
627,569,825
628,570,828
628,570,830
627,572,833
626,574,835
627,579,834
625,583,827
627,583,823
623,582,819
626,573,824
624,565,824
627,559,825
624,560,827
625,563,827
625,569,829
625,573,828
