518,511,785
620,614,791
623,618,794
629,605,789
625,610,805
618,613,821
624,615,826
622,615,834
619,611,849
612,607,861
607,609,865
604,613,857
601,612,851
630,607,773
626,620,813
611,604,848
620,606,827
624,608,818
627,619,813
631,623,812
633,618,812
634,617,797
635,622,801
634,620,802
634,618,808
632,620,816
630,623,821
628,618,821
625,618,826
631,618,829
626,615,831
626,618,835
624,615,834
626,618,831
625,616,829
625,614,832
623,616,831
626,618,831
625,616,832
625,616,833
626,616,830
625,613,827
627,611,827
629,615,824
629,618,821
628,616,821
624,612,826
628,613,824
628,614,830
625,607,832
