524,588,732
627,569,797
626,593,813
625,592,825
629,593,826
629,587,829
631,579,830
630,569,827
631,568,833
630,564,832
627,562,824
626,557,812
628,557,803
631,562,802
633,571,813
640,569,813
648,571,802
626,601,871
649,576,816
636,568,827
644,574,814
646,585,812
642,574,816
647,574,822
643,575,826
641,570,819
641,575,815
638,582,812
640,584,819
638,582,820
641,583,825
641,579,822
644,581,824
642,589,820
644,590,824
641,590,831
639,589,833
639,588,834
636,585,834
640,587,834
635,586,828
640,586,819
635,587,816
637,581,820
635,573,822
637,570,828
634,560,834
635,563,834
634,568,830
637,572,826
