577,558,760
627,593,793
630,575,799
628,591,820
624,573,832
630,582,848
628,585,853
629,588,855
625,588,849
620,589,845
615,583,830
618,573,817
615,564,815
619,557,815
649,540,724
651,538,814
622,552,861
631,555,842
625,571,839
626,574,822
625,572,815
626,573,807
631,566,802
628,564,806
634,561,812
634,560,818
634,566,822
636,571,833
635,569,839
634,569,842
633,570,825
633,573,821
633,571,814
635,572,818
637,573,813
639,576,815
639,575,816
639,571,819
639,570,827
635,566,827
637,569,822
637,573,814
638,574,816
637,574,816
640,574,828
638,577,836
639,573,837
634,566,828
628,565,817
621,576,806
