632,578,835
633,579,844
631,576,842
633,579,849
631,577,848
631,579,848
631,572,837
631,574,831
629,572,829
633,568,821
645,563,793
568,596,960
650,563,812
647,567,817
644,570,822
648,567,815
650,582,819
643,562,824
649,572,826
645,572,820
647,572,816
648,569,811
647,572,810
649,573,811
646,569,816
646,571,821
644,576,826
646,572,833
643,572,825
644,578,827
641,571,823
642,569,821
642,571,818
642,569,821
642,569,824
643,571,822
644,575,824
645,572,817
646,575,819
645,576,825
641,573,831
640,572,819
639,576,817
638,573,812
637,571,821
639,571,822
638,571,825
631,570,852
605,564,862
640,575,833
