635,570,832
632,572,839
629,570,830
632,573,829
630,572,825
632,574,828
632,572,832
633,571,836
635,567,840
633,562,837
634,564,831
647,559,770
638,577,821
640,574,828
646,570,819
638,567,814
644,574,812
644,581,810
645,576,824
645,574,834
644,577,828
642,572,824
643,574,817
642,574,816
641,571,815
644,574,820
642,574,822
643,574,825
642,574,819
643,578,821
642,574,825
642,570,825
644,575,820
641,570,823
638,564,833
639,565,822
634,573,827
637,574,812
636,579,809
634,576,802
638,579,804
639,575,810
636,569,832
611,541,910
639,568,832
634,576,838
627,565,837
630,570,836
628,570,825
630,574,827
