634,611,797
626,604,815
634,600,836
634,601,848
635,599,854
633,595,852
632,592,843
631,590,842
629,584,833
631,585,829
628,583,819
631,588,815
632,584,817
636,588,822
641,581,802
610,611,893
644,582,824
635,592,831
641,592,829
645,595,825
634,583,834
650,596,809
634,586,824
645,590,810
643,592,815
643,594,816
643,596,814
643,594,812
644,596,818
643,594,826
643,592,832
643,593,833
640,593,826
641,586,827
639,580,821
642,587,822
640,584,828
644,593,837
644,596,835
635,593,831
633,593,813
633,599,799
632,601,798
640,597,813
631,602,867
624,595,849
639,587,845
636,584,841
634,584,842
634,581,836
