632,588,809
633,590,808
636,586,811
639,582,822
638,578,829
637,577,828
637,580,830
636,578,833
635,578,837
634,573,840
641,584,827
649,572,766
650,579,817
626,582,823
639,591,818
636,588,812
639,589,815
640,588,820
641,589,829
645,586,830
639,583,831
639,588,829
639,585,821
639,588,822
634,594,824
642,584,819
640,589,817
641,591,824
632,595,831
640,587,824
638,592,823
641,585,822
640,589,832
638,587,832
640,591,834
636,585,827
638,589,824
635,589,819
638,593,821
638,593,818
636,595,825
641,595,823
639,597,835
629,594,842
629,583,827
630,586,813
633,576,804
637,580,813
727,611,775
644,581,834
