605,582,733
636,625,796
656,625,817
652,607,837
641,565,836
643,565,826
642,573,812
640,590,813
639,602,823
638,613,837
638,622,835
642,629,831
641,626,828
642,608,836
635,596,816
641,589,842
637,595,844
639,613,834
640,623,828
647,622,826
648,626,829
652,614,826
654,610,809
656,614,792
658,604,799
657,592,807
658,596,810
659,605,811
655,614,820
649,610,820
655,613,811
657,612,819
656,605,830
656,597,834
656,594,831
659,598,831
660,603,824
663,610,817
658,610,815
661,609,812
658,610,815
662,612,813
661,606,822
658,597,834
658,594,834
656,601,833
659,608,829
660,614,831
662,615,822
663,617,811
