541,567,734
664,618,789
651,638,806
645,629,809
650,627,810
649,629,821
649,618,851
644,610,881
639,618,902
665,566,891
677,612,801
658,600,867
658,594,843
675,584,806
680,600,788
683,609,820
674,590,854
667,583,872
666,581,867
667,580,853
668,587,839
670,593,830
668,594,826
666,591,811
670,589,803
667,583,795
672,585,780
668,579,759
671,589,738
671,593,722
676,609,704
675,626,686
679,668,682
684,697,696
670,749,695
666,779,691
669,811,688
663,829,697
642,818,718
628,824,758
622,835,828
625,869,915
613,886,1015
591,845,1023
555,757,1023
534,657,1023
513,607,1023
506,538,1023
510,457,1023
508,338,1023
