649,738,572
500,792,688
637,810,652
688,964,599
627,1023,640
724,1023,591
798,1023,559
879,1023,508
938,1004,471
1016,928,446
1023,793,414
1023,648,397
1023,477,411
1023,280,315
1023,93,462
1023,20,474
1023,7,450
1023,4,408
1023,4,385
1017,5,420
967,15,463
896,153,415
732,456,315
493,869,355
303,1023,480
260,1023,604
403,1023,666
614,1023,685
779,1023,681
848,1023,670
859,919,662
836,742,669
833,547,670
819,440,677
833,430,695
866,433,703
896,441,702
911,465,704
930,494,703
915,519,702
880,549,696
841,580,694
802,611,693
771,637,690
750,665,689
748,693,689
746,700,685
759,703,683
779,697,677
802,687,681
